53band:
   mu_n = 0.635794600698
sigma_n = 0.36960886926 

   mu_Q = 16.9015521283
sigma_Q = 3.81967935281



90band:
   mu_n = 0.959510718912
sigma_n = 0.614062412616 

   mu_Q = 18.5728122862
sigma_Q = 6.12420366791




